     20     10
      0      0      0      0      0      0      0      0      0      0
      0      3      1     19      4      6     18     17      2      0
      0     13      2     20     16      7     15      8      7      0
      0     20      3     16      0      5      6      3     14      0
      0      9      0      0      3      6      2     18     16      0
      0      0      4     10      1     15      0     11     14      0
      0      1     15      3      7      1      2      3     20      0
      0     17     20     18      8     11      0     10     15      0
      0     19      7     18      4     14     14     17      5      0
      0      0      6      7     11      6      1      7      4      0
      0      0     13      6      0     12     13      7      0      0
      0      0      0      0     17     18      7      0      0      0
      0      0      0      0      1      8      0      0      0      0
      0      0      0      0      0      0      0     16      5      0
      0      0      0      0      0      5      4     19     20      0
      0      6     17      7      0      5      6     18      5      0
      0      3      8     10     18     11      3     17      7      0
      0     13      0      2     18      2     18      6     18      0
      0      0      0      0      9     11      6      5     16      0
      0      0      0      0      0      0      0      0      0      0
Y
      8     12
      0      0      0      0      0      0      0      0      0      0      0      0
      0      0      0     18      2      3     11     15      3      2      0      0
      0     16     12      8      2     16     17     14     17     16     20      0
      0     18     20     10     17      0     12     10     18     18      0      0
      0      0     15     17     13     20      6      1      5     15     16      0
      0      0      7     12      6      0     10     18     17      9     18      0
      0      0      0      0      0      0      0      0      0      7     20      0
      0      0      0      0      0      0      0      0      0      0      0      0
Y
     12      8
      0      0      0      0      0      0      0      0
      0      0      0      0      0      0      0      0
      0     12     16     19      0      0      0      0
      0      6     17      0      0      0      0      0
      0     17     12      0      3     17      7      0
      0      3      0      0     13     20     19      0
      0      7     14      3      4      4     13      0
      0      6      3      2      0      8      4      0
      0     12      7      0      0      5     12      0
      0     18      8     17      1      3     13      0
      0     19     17     19      0      5     10      0
      0      0      0      0      0      0      0      0
Y
     20      8
      0      0      0      0      0      0      0      0
      0     10     10      7      0      0      0      0
      0     18     20     10     10      4      0      0
      0      9      1      1      5      7      0      0
      0      0     11     14     20      7      9      0
      0      0     20      1      4     20      0      0
      0      7     16     15      0      0      0      0
      0      4      9     14     10     12      0      0
      0      8     13      1     14      2     16      0
      0      1      1     15      9     14      6      0
      0      5      0     15     15      6      1      0
      0      0     12      2     13      3      8      0
      0      0     16     16      0      0      0      0
      0      0      6      8      2      2      2      0
      0      0      9      4      0      1      6      0
      0      1     19      0     20     18      9      0
      0     20      5      8     13      5     11      0
      0      0     15      2     11      4     10      0
      0      0      0     12     10     18     12      0
      0      0      0      0      0      0      0      0
N
